3 1 10
3 1 20
3 1 50
3 1 100
3 1 1000
3 2 10
3 2 20
3 2 50
3 2 100
3 2 1000
3 3 10
3 3 20
3 3 50
3 3 100
3 3 1000
5 1 10
5 1 20
5 1 50
5 1 100
5 1 1000
5 2 10
5 2 20
5 2 50
5 2 100
5 2 1000
5 3 10
5 3 20
5 3 50
5 3 100
5 3 1000
10 1 10
10 1 20
10 1 50
10 1 100
10 1 1000
10 2 10
10 2 20
10 2 50
10 2 100
10 2 1000
10 3 10
10 3 20
10 3 50
10 3 100
10 3 1000
20 1 10
20 1 20
20 1 50
20 1 100
20 1 1000
20 2 10
20 2 20
20 2 50
20 2 100
20 2 1000
20 3 10
20 3 20
20 3 50
20 3 100
20 3 1000
50 1 10
50 1 20
50 1 50
50 1 100
50 1 1000
50 2 10
50 2 20
50 2 50
50 2 100
50 2 1000
50 3 10
50 3 20
50 3 50
50 3 100
50 3 1000
